[[[[0.         0.6205819  0.16720515 0.         0.32546055 0.
    0.32867083 0.30453134 0.2453947  0.20039618 0.5453795  0.17517298
    0.3626821  0.         1.2994375  0.         0.41289762 0.3380451
    0.37556362 0.         0.546748   0.         0.         0.
    0.08436155 0.         0.5774444  0.07530719 0.25060773 0.
    0.         0.49417132]
   [0.         0.6067991  0.13849223 0.         0.54457796 0.
    0.35026464 0.19273555 0.5447408  0.21321923 0.3610353  0.4173132
    0.31024814 0.         1.3870499  0.         0.5886995  1.3694394
    0.383304   0.         0.3564753  0.         0.         0.
    0.         0.         0.29018098 0.2429362  0.27053094 0.
    0.         0.5170801 ]]

  [[0.         0.64733523 0.1352511  0.         0.33862603 0.
    0.3134238  0.21864146 0.36680615 0.1827693  0.48123398 0.48213434
    0.3441782  0.         1.4106822  0.         0.47681937 0.7261199
    0.27438986 0.         0.48038548 0.         0.         0.
    0.         0.         0.4308291  0.16768837 0.19048303 0.
    0.         0.5459014 ]
   [0.         0.6588618  0.11486167 0.         0.51028824 0.
    0.42342347 0.12767434 0.52484846 0.21524382 0.34169593 0.47032756
    0.31372526 0.         1.2924035  0.         0.5969629  1.6913364
    0.2385323  0.         0.34644657 0.         0.         0.
    0.         0.         0.2571351  0.11571044 0.21455264 0.
    0.         0.46913567]]]]


0.000000 0.000000 0.000000 0.000000 0.611164 0.583770 0.580379 0.613412 0.067939 0.130036 0.055884 0.129123 0.000000 0.000000 0.000000 0.000000 0.354514 0.271162 0.408288 0.319967
0.000000 0.000000 0.000000 0.000000 0.337393 0.355473 0.359739 0.366717 0.203981 0.217953 0.194866 0.163761 0.339624 0.274461 0.393141 0.295629 0.202787 0.239667 0.194395 0.175996
0.397790 0.462480 0.377981 0.490986 0.283101 0.207323 0.230979 0.278307 0.363766 0.374774 0.371612 0.357601 0.000000 0.000000 0.000000 0.000000 1.238797 1.295002 1.153276 1.218518
0.000000 0.000000 0.000000 0.000000 0.467513 0.456536 0.488933 0.468028 0.907595 0.514613 1.068826 0.715000 0.310928 0.357956 0.335539 0.330049 0.000000 0.000000 0.000000 0.000000
0.393609 0.525489 0.415461 0.456678 0.000000 0.000000 0.000000 0.000000 0.000000 0.000000 0.000000 0.000000 0.000000 0.000000 0.000000 0.000000 0.000000 0.000000 0.000000 0.000000
0.000000 0.000000 0.000000 0.000000 0.347487 0.460583 0.393790 0.426514 0.077789 0.023396 0.014076 0.023008 0.237508 0.221497 0.275298 0.177678 0.000000 0.000000 0.000000 0.000000
0.000000 0.000000 0.000000 0.000000 0.474525 0.431782 0.455011 0.495633 0.000000 0.000000 0.000000 0.000000 0.000000 0.000000 0.000000 0.000000 0.000000 0.000000 0.000000 0.000000
0.000000 0.000000 0.000000 0.000000 0.000000 0.000000 0.000000 0.000000 0.000000 0.000000 0.000000 0.000000 0.000000 0.000000 0.000000 0.000000 0.000000 0.000000 0.000000 0.000000
0.000000 0.000000 0.000000 0.000000 0.000000 0.000000 0.000000 0.000000 0.000000 0.000000 0.000000 0.000000 0.000000 0.000000 0.000000 0.000000 0.000000 0.000000 0.000000 0.000000
0.000000 0.000000 0.000000 0.000000 0.000000 0.000000 0.000000 0.000000 0.000000 0.000000 0.000000 0.000000 0.000000 0.000000 0.000000 0.000000 0.000000 0.000000 0.000000 0.000000
0.000000 0.000000 0.000000 0.000000 0.000000 0.000000 0.000000 0.000000 0.000000 0.000000 0.000000 0.000000 0.000000 0.000000 0.000000 0.000000 0.000000 0.000000 0.000000 0.000000
0.000000 0.000000 0.000000 0.000000 0.000000 0.000000 0.000000 0.000000 0.000000 0.000000 0.000000 0.000000 0.000000 0.000000 0.000000 0.000000 0.000000 0.000000 0.000000 0.000000
0.000000 0.000000 0.000000 0.000000 0.000000 0.000000 0.000000 0.000000 0.000000 0.000000 0.000000 0.000000 0.000000 0.000000 0.000000 0.000000 0.000000 0.000000 0.000000 0.000000
0.000000 0.000000 0.000000 0.000000 0.000000 0.000000 0.000000 0.000000 0.000000 0.000000 0.000000 0.000000 0.000000 0.000000 0.000000 0.000000 0.000000 0.000000 0.000000 0.000000
0.000000 0.000000 0.000000 0.000000 0.000000 0.000000 0.000000 0.000000 0.000000 0.000000 0.000000 0.000000 0.000000 0.000000 0.000000 0.000000 0.000000 0.000000 0.000000 0.000000
0.000000 0.000000 0.000000 0.000000 0.000000 0.000000 0.000000 0.000000 0.000000 0.000000 0.000000 0.000000 0.000000 0.000000 0.000000 0.000000 0.000000 0.000000 0.000000 0.000000
0.000000 0.000000 0.000000 0.000000 0.000000 0.000000 0.000000 0.000000 0.000000 0.000000 0.000000 0.000000 0.000000 0.000000 0.000000 0.000000 0.000000 0.000000 0.000000 0.000000
0.000000 0.000000 0.000000 0.000000 0.000000 0.000000 0.000000 0.000000 0.000000 0.000000 0.000000 0.000000 0.000000 0.000000 0.000000 0.000000 0.000000 0.000000 0.000000 0.000000
0.000000 0.000000 0.000000 0.000000 0.000000 0.000000 0.000000 0.000000 0.000000 0.000000 0.000000 0.000000 0.000000 0.000000 0.000000 0.000000 0.000000 0.000000 0.000000 0.000000
0.000000 0.000000 0.000000 0.000000 0.000000 0.000000 0.000000 0.000000 0.000000 0.000000 0.000000 0.000000 0.000000 0.000000 0.000000 0.000000 0.000000 0.000000 0.000000 0.000000
0.000000 0.000000 0.000000 0.000000 0.000000 0.000000 0.000000 0.000000 0.000000 0.000000 0.000000 0.000000 0.000000 0.000000 0.000000 0.000000 0.000000 0.000000 0.000000 0.000000
0.000000 0.000000 0.000000 0.000000 0.000000 0.000000 0.000000 0.000000 0.000000 0.000000 0.000000 0.000000 0.000000 0.000000 0.000000 0.000000 0.000000 0.000000 0.000000 0.000000
0.000000 0.000000 0.000000 0.000000 0.000000 0.000000 0.000000 0.000000 0.000000 0.000000 0.000000 0.000000 0.000000 0.000000 0.000000 0.000000 0.000000 0.000000 0.000000 0.000000
0.000000 0.000000 0.000000 0.000000 0.000000 0.000000 0.000000 0.000000 0.000000 0.000000 0.000000 0.000000 0.000000 0.000000 0.000000 0.000000 0.000000 0.000000 0.000000 0.000000
0.000000 0.000000 0.000000 0.000000 0.000000 0.000000 0.000000 0.000000 0.000000 0.000000 0.000000 0.000000 0.000000 0.000000 0.000000 0.000000 0.000000 0.000000 0.000000 0.000000
0.000000 0.000000 0.000000 0.000000 0.000000 0.000000 0.000000 0.000000 0.000000 0.000000 0.000000 0.000000 0.000000 0.000000 0.000000 0.000000 0.000000 0.000000 0.000000 0.000000
0.000000 0.000000 0.000000 0.000000 0.000000 0.000000 0.000000 0.000000 0.000000 0.000000 0.000000 0.000000 0.000000 0.000000 0.000000 0.000000 0.000000 0.000000 0.000000 0.000000
0.000000 0.000000 0.000000 0.000000 0.000000 0.000000 0.000000 0.000000 0.000000 0.000000 0.000000 0.000000 0.000000 0.000000 0.000000 0.000000 0.000000 0.000000 0.000000 0.000000
0.000000 0.000000 0.000000 0.000000 0.000000 0.000000 0.000000 0.000000 0.000000 0.000000 0.000000 0.000000 0.000000 0.000000 0.000000 0.000000 0.000000 0.000000 0.000000 0.000000
0.000000 0.000000 0.000000 0.000000 0.000000 0.000000 0.000000 0.000000 0.000000 0.000000 0.000000 0.000000 0.000000 0.000000 0.000000 0.000000 0.000000 0.000000 0.000000 0.000000
0.000000 0.000000 0.000000 0.000000 0.000000 0.000000 0.000000 0.000000 0.000000 0.000000 0.000000 0.000000 0.000000 0.000000 0.000000 0.000000 0.000000 0.000000 0.000000 0.000000
0.000000 0.000000 0.000000 0.000000 0.000000 0.000000 0.000000 0.000000 0.000000 0.000000 0.000000 0.000000 0.000000 0.000000 0.000000 0.000000 0.000000 0.000000 0.000000 0.000000

